{
  "advancedEditorSelectedIdentifier" : "ProjectBrowser",
  "openSceneRelativePaths" : [
    "Scene.usda"
  ],
  "recentIdentifiers" : {
    "B4863DCF-98C5-4234-80FE-5B9EFCAE5DAD" : [

    ]
  },
  "sceneCameraHistory" : {
    "B4863DCF-98C5-4234-80FE-5B9EFCAE5DAD" : [
      {
        "date" : 773898263.480377,
        "title" : "Untitled",
        "transform" : [
          0.929973,
          0.0010534764,
          0.3676265,
          0,
          0.17366505,
          0.8801253,
          -0.441837,
          0,
          -0.32402283,
          0.47474036,
          0.8183097,
          0,
          -14.082225,
          34.173626,
          63.410515,
          1
        ]
      },
      {
        "date" : 773898261.195614,
        "title" : "Untitled",
        "transform" : [
          0.8762094,
          0.0010534803,
          0.48192924,
          0,
          0.07104338,
          0.98879015,
          -0.13132747,
          0,
          -0.4766653,
          0.14930828,
          0.86631244,
          0,
          -25.687237,
          10.480616,
          67.95117,
          1
        ]
      },
      {
        "date" : 773897465.310869,
        "title" : "Untitled",
        "transform" : [
          0.889118,
          0.0010534559,
          0.45767674,
          0,
          0.45736545,
          0.034899235,
          -0.8885937,
          0,
          -0.01690867,
          0.9993902,
          0.030547688,
          0,
          7.7093873,
          72.629036,
          7.2545414,
          1
        ]
      },
      {
        "date" : 773897463.591618,
        "title" : "Untitled",
        "transform" : [
          0.79147923,
          0.001053451,
          0.611195,
          0,
          0.3156875,
          0.8555765,
          -0.4102806,
          0,
          -0.5233563,
          0.5176753,
          0.67683846,
          0,
          -30.043495,
          37.303432,
          55.61368,
          1
        ]
      },
      {
        "date" : 773897460.231516,
        "title" : "Untitled",
        "transform" : [
          0.9694983,
          0.0010534518,
          0.24509569,
          0,
          0.11231569,
          0.8869065,
          -0.448087,
          0,
          -0.21784903,
          0.4619477,
          0.859736,
          0,
          -5.937089,
          33.24129,
          65.16753,
          1
        ]
      },
      {
        "date" : 773897424.539209,
        "title" : "Untitled",
        "transform" : [
          0.88277584,
          0.0010534592,
          0.4697931,
          0,
          0.366734,
          0.62345064,
          -0.6905182,
          0,
          -0.2936203,
          0.78186196,
          0.5499809,
          0,
          -12.430971,
          56.59298,
          45.052692,
          1
        ]
      },
      {
        "date" : 773897421.659423,
        "title" : "Untitled",
        "transform" : [
          0.95540065,
          0.006815671,
          0.29523423,
          0,
          0.2328509,
          0.5974991,
          -0.767317,
          0,
          -0.18163194,
          0.8018406,
          0.56926394,
          0,
          -12.430971,
          56.59298,
          45.052692,
          1
        ]
      },
      {
        "date" : 773897416.443964,
        "title" : "Untitled",
        "transform" : [
          0.95540065,
          0.006815671,
          0.29523423,
          0,
          0.2328509,
          0.5974991,
          -0.767317,
          0,
          -0.18163194,
          0.8018406,
          0.56926394,
          0,
          -5.824883,
          26.518242,
          21.110712,
          1
        ]
      },
      {
        "date" : 773897411.924931,
        "title" : "Untitled",
        "transform" : [
          0.9554006,
          0.00681567,
          0.2952342,
          0,
          0.23285086,
          0.59749913,
          -0.767317,
          0,
          -0.18163197,
          0.8018406,
          0.56926405,
          0,
          3.6933756,
          50.464012,
          64.97468,
          1
        ]
      },
      {
        "date" : 773897407.890169,
        "title" : "Untitled",
        "transform" : [
          0.9554006,
          0.0068156663,
          0.29523417,
          0,
          0.23285082,
          0.5974992,
          -0.76731694,
          0,
          -0.18163195,
          0.8018405,
          0.56926405,
          0,
          -6.3087792,
          32.235176,
          67.90145,
          1
        ]
      }
    ]
  },
  "sceneViewportBackgroundColors" : {

  }
}