{
  "advancedEditorSelectedIdentifier" : "ProjectBrowser",
  "openSceneRelativePaths" : [
    "Scene.usda",
    "SkyBox.usda"
  ],
  "recentIdentifiers" : {
    "6BAE21A1-C2BC-4908-993B-C0FE86E72E20" : [

    ],
    "B4863DCF-98C5-4234-80FE-5B9EFCAE5DAD" : [

    ]
  },
  "sceneCameraHistory" : {
    "6BAE21A1-C2BC-4908-993B-C0FE86E72E20" : [
      {
        "date" : 774495875.072844,
        "title" : "Untitled",
        "transform" : [
          0.23926422,
          1.4329828e-08,
          0.97095454,
          0,
          0.65277696,
          0.74027485,
          -0.16085835,
          0,
          -0.71877325,
          0.67230433,
          0.17712124,
          0,
          -225.38953,
          175.86429,
          57.7962,
          1
        ]
      },
      {
        "date" : 774495790.932403,
        "title" : "Untitled",
        "transform" : [
          0.9176333,
          1.9211463e-08,
          0.39742807,
          0,
          0.13717683,
          0.9385433,
          -0.31673163,
          0,
          -0.37300345,
          0.34516144,
          0.8612386,
          0,
          -58.192577,
          40.03532,
          137.2791,
          1
        ]
      },
      {
        "date" : 774495741.710436,
        "title" : "Untitled",
        "transform" : [
          0.9176333,
          1.9211463e-08,
          0.39742807,
          0,
          0.13717683,
          0.9385433,
          -0.31673163,
          0,
          -0.37300345,
          0.34516144,
          0.8612386,
          0,
          -0.06072556,
          0.04177797,
          0.14325455,
          1
        ]
      },
      {
        "date" : 774495733.170234,
        "title" : "Untitled",
        "transform" : [
          0.91763335,
          4.2922172e-09,
          0.39742807,
          0,
          0.13717681,
          0.9385433,
          -0.31673163,
          0,
          -0.37300348,
          0.3451614,
          0.86123866,
          0,
          -0.96059877,
          0.8888968,
          2.2179546,
          1
        ]
      }
    ],
    "B4863DCF-98C5-4234-80FE-5B9EFCAE5DAD" : [
      {
        "date" : 774867569.689185,
        "title" : "Untitled",
        "transform" : [
          -0.99776334,
          -9.086449e-05,
          0.066845514,
          0,
          0.013379673,
          0.97949123,
          0.20104186,
          0,
          -0.06549286,
          0.20148657,
          -0.9772992,
          0,
          -45.557236,
          0.96166694,
          -19.89585,
          1
        ]
      },
      {
        "date" : 774867551.37538,
        "title" : "Untitled",
        "transform" : [
          -0.99776334,
          -9.086342e-05,
          0.066845514,
          0,
          0.0133796455,
          0.9794912,
          0.20104182,
          0,
          -0.06549281,
          0.20148668,
          -0.9772992,
          0,
          -69.26216,
          0.46178603,
          -29.711998,
          1
        ]
      },
      {
        "date" : 774867542.455899,
        "title" : "Untitled",
        "transform" : [
          -0.51994604,
          -9.086332e-05,
          0.85419905,
          0,
          0.24843913,
          0.9567542,
          0.15132527,
          0,
          -0.81727225,
          0.29089752,
          -0.49743798,
          0,
          -70.01909,
          0.5451378,
          -29.357098,
          1
        ]
      },
      {
        "date" : 774867533.588132,
        "title" : "Untitled",
        "transform" : [
          -0.45084533,
          -9.0852496e-05,
          0.892602,
          0,
          0.30496302,
          0.9398093,
          0.15412973,
          0,
          -0.8388899,
          0.3416992,
          -0.423681,
          0,
          -79.5421,
          13.652407,
          -42.266357,
          1
        ]
      },
      {
        "date" : 774867516.156137,
        "title" : "Untitled",
        "transform" : [
          -0.42444953,
          -9.0848356e-05,
          0.90545154,
          0,
          0.32137784,
          0.93487525,
          0.15074646,
          0,
          -0.846498,
          0.35497633,
          -0.39677826,
          0,
          -100.765,
          18.745113,
          -49.81305,
          1
        ]
      },
      {
        "date" : 774867505.479927,
        "title" : "Untitled",
        "transform" : [
          -0.49987066,
          -9.0849106e-05,
          0.8661001,
          0,
          0.041721955,
          0.99883646,
          0.024184648,
          0,
          -0.86509454,
          0.048224583,
          -0.49928525,
          0,
          -70.08249,
          0.9299164,
          -29.401897,
          1
        ]
      },
      {
        "date" : 774867502.525906,
        "title" : "Untitled",
        "transform" : [
          -0.49987054,
          -9.0851325e-05,
          0.86610013,
          0,
          0.041721955,
          0.9988366,
          0.024184665,
          0,
          -0.8650947,
          0.048224602,
          -0.49928525,
          0,
          -52.497814,
          6.222425,
          -13.126197,
          1
        ]
      },
      {
        "date" : 774867491.37188,
        "title" : "Untitled",
        "transform" : [
          -0.082918175,
          -9.085028e-05,
          0.9965564,
          0,
          0.31548315,
          0.9485656,
          0.026336156,
          0,
          -0.9453016,
          0.3165805,
          -0.07862467,
          0,
          -195.57103,
          79.30868,
          42.730904,
          1
        ]
      },
      {
        "date" : 774867484.872459,
        "title" : "Untitled",
        "transform" : [
          -0.01785723,
          6.1954686e-09,
          0.9998406,
          0,
          0.4273708,
          0.90404415,
          0.0076328735,
          0,
          -0.90390015,
          0.42743897,
          -0.016143763,
          0,
          -154.23643,
          62.546547,
          33.699593,
          1
        ]
      },
      {
        "date" : 774867475.727103,
        "title" : "Untitled",
        "transform" : [
          0.010107781,
          6.095769e-09,
          0.999949,
          0,
          0.2562471,
          0.9666078,
          -0.0025902232,
          0,
          -0.9665585,
          0.2562602,
          0.009770219,
          0,
          -162.03406,
          33.628254,
          38.088207,
          1
        ]
      }
    ],
    "CF57283A-64B4-4D99-94FF-F9C265F12A52" : [
      {
        "date" : 774496264.535919,
        "title" : "Untitled",
        "transform" : [
          0.9820758,
          -7.7665225e-09,
          0.18848631,
          0,
          0.0036988193,
          0.9998075,
          -0.019272048,
          0,
          -0.18845004,
          0.019623807,
          0.9818867,
          0,
          -6.7767134,
          0.705679,
          35.30891,
          1
        ]
      }
    ]
  },
  "sceneViewportBackgroundColors" : {

  },
  "selectedSceneRelativePath" : "Scene.usda"
}