{
  "advancedEditorSelectedIdentifier" : "ProjectBrowser",
  "openSceneRelativePaths" : [
    "Scene.usda"
  ],
  "recentIdentifiers" : {
    "B4863DCF-98C5-4234-80FE-5B9EFCAE5DAD" : [

    ]
  },
  "sceneCameraHistory" : {
    "B4863DCF-98C5-4234-80FE-5B9EFCAE5DAD" : [
      {
        "date" : 774495560.147396,
        "title" : "Untitled",
        "transform" : [
          0.33714157,
          0.00012335108,
          0.94145393,
          0,
          0.62182826,
          0.75079876,
          -0.22277966,
          0,
          -0.70686996,
          0.66053104,
          0.25304878,
          0,
          -80.76076,
          4.707248,
          -32.914585,
          1
        ]
      },
      {
        "date" : 774495557.956529,
        "title" : "Untitled",
        "transform" : [
          0.33714157,
          0.00012335108,
          0.94145393,
          0,
          0.62182826,
          0.75079876,
          -0.22277966,
          0,
          -0.70686996,
          0.66053104,
          0.25304878,
          0,
          -80.4138,
          4.8495383,
          -32.31681,
          1
        ]
      },
      {
        "date" : 774495546.986639,
        "title" : "Untitled",
        "transform" : [
          0.35437915,
          0.00012335117,
          0.9351018,
          0,
          0.65603524,
          0.71257204,
          -0.24871422,
          0,
          -0.6663581,
          0.70159894,
          0.25243977,
          0,
          -78.11633,
          6.057287,
          -30.108284,
          1
        ]
      },
      {
        "date" : 774495544.176692,
        "title" : "Untitled",
        "transform" : [
          0.9999963,
          -2.349082e-11,
          0.0027465788,
          0,
          0.001942124,
          0.7071069,
          -0.7071041,
          0,
          -0.0019421245,
          0.7071067,
          0.70710427,
          0,
          -78.11633,
          6.057287,
          -30.108284,
          1
        ]
      },
      {
        "date" : 774495537.556373,
        "title" : "Untitled",
        "transform" : [
          0.99999624,
          0,
          0.0027465785,
          0,
          0.0019421243,
          0.7071069,
          -0.7071041,
          0,
          -0.0019421246,
          0.70710677,
          0.7071042,
          0,
          -60.916862,
          4.6068397,
          -23.408834,
          1
        ]
      },
      {
        "date" : 774495531.293027,
        "title" : "Untitled",
        "transform" : [
          0.99999624,
          0,
          0.0027465785,
          0,
          0.0019421243,
          0.7071069,
          -0.7071041,
          0,
          -0.0019421246,
          0.70710677,
          0.7071042,
          0,
          -49.552597,
          6.0556765,
          -24.826464,
          1
        ]
      }
    ]
  },
  "sceneViewportBackgroundColors" : {

  }
}