{
  "advancedEditorSelectedIdentifier" : "ProjectBrowser",
  "openSceneRelativePaths" : [
    "Scene.usda"
  ],
  "recentIdentifiers" : {
    "B4863DCF-98C5-4234-80FE-5B9EFCAE5DAD" : [

    ]
  },
  "sceneCameraHistory" : {
    "B4863DCF-98C5-4234-80FE-5B9EFCAE5DAD" : [
      {
        "date" : 774343216.221866,
        "title" : "Untitled",
        "transform" : [
          -0.84819645,
          -0.0001717794,
          0.5296818,
          0,
          0.2542424,
          0.8771415,
          0.407411,
          0,
          -0.46467575,
          0.48023227,
          -0.7439444,
          0,
          -80.1501,
          1.6261382,
          -41.196,
          1
        ]
      },
      {
        "date" : 774343212.687028,
        "title" : "Untitled",
        "transform" : [
          -0.2483684,
          -0.0001717809,
          0.96866554,
          0,
          0.3085359,
          0.9479034,
          0.07927755,
          0,
          -0.91821486,
          0.31855834,
          -0.23537613,
          0,
          -82.99362,
          0.7031308,
          -38.478607,
          1
        ]
      },
      {
        "date" : 774343160.238797,
        "title" : "Untitled",
        "transform" : [
          -0.22240274,
          -0.00017178088,
          0.9749548,
          0,
          0.31229174,
          0.94729877,
          0.07140567,
          0,
          -0.9235858,
          0.32035136,
          -0.21062812,
          0,
          -83.0378,
          0.7133079,
          -38.34146,
          1
        ]
      },
      {
        "date" : 774342961.423146,
        "title" : "Untitled",
        "transform" : [
          -0.9999992,
          -0.000171782,
          0.0012161998,
          0,
          0.00043117124,
          0.8780485,
          0.47857133,
          0,
          -0.0011501848,
          0.47857165,
          -0.8780477,
          0,
          -77.41064,
          1.6165977,
          -41.69984,
          1
        ]
      },
      {
        "date" : 774342944.313023,
        "title" : "Untitled",
        "transform" : [
          -0.9195353,
          -0.00017178204,
          0.3930073,
          0,
          0.2828544,
          0.6939771,
          0.6621095,
          0,
          -0.27285188,
          0.7199971,
          -0.6380878,
          0,
          -79.05618,
          3.0207598,
          -40.62214,
          1
        ]
      },
      {
        "date" : 774342925.522762,
        "title" : "Untitled",
        "transform" : [
          -0.95635265,
          -0.00017178881,
          -0.2922147,
          0,
          -0.19538143,
          0.7439776,
          0.6390019,
          0,
          0.21729138,
          0.66820455,
          -0.7115385,
          0,
          -77.64586,
          -0.23985195,
          -37.25454,
          1
        ]
      },
      {
        "date" : 774342919.263284,
        "title" : "Untitled",
        "transform" : [
          -0.9706737,
          -0.00017178904,
          0.24040072,
          0,
          0.043218717,
          0.98358226,
          0.17520851,
          0,
          -0.23648396,
          0.18046004,
          -0.95473003,
          0,
          -71.39386,
          8.78903,
          -51.97556,
          1
        ]
      },
      {
        "date" : 774342807.781321,
        "title" : "Untitled",
        "transform" : [
          -0.9164904,
          -0.00017178777,
          0.4000566,
          0,
          0.018694734,
          0.998889,
          0.04325675,
          0,
          -0.39961958,
          0.047123283,
          -0.915469,
          0,
          -79.33732,
          -0.3444625,
          -39.765068,
          1
        ]
      },
      {
        "date" : 774342803.907077,
        "title" : "Untitled",
        "transform" : [
          -0.91649026,
          -0.00017178776,
          0.40005654,
          0,
          0.018694734,
          0.998889,
          0.04325675,
          0,
          -0.39961958,
          0.047123283,
          -0.915469,
          0,
          -78.36493,
          -0.059810873,
          -37.572117,
          1
        ]
      },
      {
        "date" : 774342797.740372,
        "title" : "Untitled",
        "transform" : [
          -0.9731494,
          -0.00017181515,
          -0.23017403,
          0,
          -0.22995962,
          0.04388462,
          0.97221017,
          0,
          0.009934065,
          0.99903655,
          -0.04274584,
          0,
          -26.972992,
          73.36275,
          -27.172169,
          1
        ]
      }
    ]
  },
  "sceneViewportBackgroundColors" : {

  }
}