{
  "advancedEditorSelectedIdentifier" : "ProjectBrowser",
  "openSceneRelativePaths" : [
    "Scene.usda",
    "SkyBox.usda"
  ],
  "recentIdentifiers" : {
    "6BAE21A1-C2BC-4908-993B-C0FE86E72E20" : [

    ],
    "B4863DCF-98C5-4234-80FE-5B9EFCAE5DAD" : [

    ]
  },
  "sceneCameraHistory" : {
    "6BAE21A1-C2BC-4908-993B-C0FE86E72E20" : [
      {
        "date" : 774495875.072844,
        "title" : "Untitled",
        "transform" : [
          0.23926422,
          1.4329828e-08,
          0.97095454,
          0,
          0.65277696,
          0.74027485,
          -0.16085835,
          0,
          -0.71877325,
          0.67230433,
          0.17712124,
          0,
          -225.38953,
          175.86429,
          57.7962,
          1
        ]
      },
      {
        "date" : 774495790.932403,
        "title" : "Untitled",
        "transform" : [
          0.9176333,
          1.9211463e-08,
          0.39742807,
          0,
          0.13717683,
          0.9385433,
          -0.31673163,
          0,
          -0.37300345,
          0.34516144,
          0.8612386,
          0,
          -58.192577,
          40.03532,
          137.2791,
          1
        ]
      },
      {
        "date" : 774495741.710436,
        "title" : "Untitled",
        "transform" : [
          0.9176333,
          1.9211463e-08,
          0.39742807,
          0,
          0.13717683,
          0.9385433,
          -0.31673163,
          0,
          -0.37300345,
          0.34516144,
          0.8612386,
          0,
          -0.06072556,
          0.04177797,
          0.14325455,
          1
        ]
      },
      {
        "date" : 774495733.170234,
        "title" : "Untitled",
        "transform" : [
          0.91763335,
          4.2922172e-09,
          0.39742807,
          0,
          0.13717681,
          0.9385433,
          -0.31673163,
          0,
          -0.37300348,
          0.3451614,
          0.86123866,
          0,
          -0.96059877,
          0.8888968,
          2.2179546,
          1
        ]
      }
    ],
    "B4863DCF-98C5-4234-80FE-5B9EFCAE5DAD" : [
      {
        "date" : 774772358.332648,
        "title" : "Untitled",
        "transform" : [
          -0.6555626,
          8.4535614e-08,
          0.7551408,
          0,
          0.25796223,
          0.9398424,
          0.22394529,
          0,
          -0.70971346,
          0.34160787,
          -0.6161257,
          0,
          -227.46507,
          78.018684,
          -76.9559,
          1
        ]
      },
      {
        "date" : 774772288.552816,
        "title" : "Untitled",
        "transform" : [
          -0.98898655,
          8.544564e-08,
          -0.14800493,
          0,
          -0.032202758,
          0.9760424,
          0.21518388,
          0,
          0.14445914,
          0.21758004,
          -0.96529293,
          0,
          -55.899208,
          48.716347,
          -241.35344,
          1
        ]
      },
      {
        "date" : 774772283.840107,
        "title" : "Untitled",
        "transform" : [
          -0.98898655,
          8.544564e-08,
          -0.14800493,
          0,
          -0.032202758,
          0.9760424,
          0.21518388,
          0,
          0.14445914,
          0.21758004,
          -0.96529293,
          0,
          -72.51558,
          23.67858,
          -130.26956,
          1
        ]
      },
      {
        "date" : 774772253.014176,
        "title" : "Untitled",
        "transform" : [
          -0.98898655,
          8.544564e-08,
          -0.14800493,
          0,
          -0.032202758,
          0.9760424,
          0.21518388,
          0,
          0.14445914,
          0.21758004,
          -0.96529293,
          0,
          -66.4155,
          6.3356338,
          -57.45421,
          1
        ]
      },
      {
        "date" : 774772246.528143,
        "title" : "Untitled",
        "transform" : [
          -0.8812196,
          9.021875e-08,
          -0.47270694,
          0,
          -0.36552626,
          0.63408643,
          0.6814139,
          0,
          0.29973724,
          0.77326214,
          -0.55876946,
          0,
          -65.928925,
          12.110058,
          -38.093636,
          1
        ]
      },
      {
        "date" : 774772245.453424,
        "title" : "Untitled",
        "transform" : [
          -0.8812196,
          9.021875e-08,
          -0.47270694,
          0,
          -0.36552626,
          0.63408643,
          0.6814139,
          0,
          0.29973724,
          0.77326214,
          -0.55876946,
          0,
          -67.94056,
          6.921403,
          -34.3441,
          1
        ]
      },
      {
        "date" : 774771218.616885,
        "title" : "Untitled",
        "transform" : [
          -0.88121974,
          9.021876e-08,
          -0.472707,
          0,
          -0.36552626,
          0.63408643,
          0.6814139,
          0,
          0.29973724,
          0.77326214,
          -0.55876946,
          0,
          -69.24169,
          3.5653422,
          -31.918959,
          1
        ]
      },
      {
        "date" : 774771216.224843,
        "title" : "Untitled",
        "transform" : [
          -0.9928335,
          8.669222e-08,
          -0.11950602,
          0,
          -0.118392006,
          0.13621497,
          0.9835796,
          0,
          0.01627864,
          0.9906793,
          -0.1352388,
          0,
          -70.61195,
          4.6157737,
          -29.870306,
          1
        ]
      },
      {
        "date" : 774771208.651898,
        "title" : "Untitled",
        "transform" : [
          -0.6231657,
          8.181385e-08,
          -0.7820898,
          0,
          -0.546563,
          0.71526855,
          0.43549922,
          0,
          0.5594044,
          0.6988496,
          -0.44573084,
          0,
          -67.41689,
          3.869322,
          -32.16911,
          1
        ]
      },
      {
        "date" : 774771198.841904,
        "title" : "Untitled",
        "transform" : [
          -0.97498024,
          6.689301e-08,
          -0.22229163,
          0,
          -0.21313885,
          0.28399605,
          0.9348359,
          0,
          0.06313002,
          0.95882547,
          -0.2768905,
          0,
          -70.45828,
          5.36376,
          -30.89842,
          1
        ]
      }
    ],
    "CF57283A-64B4-4D99-94FF-F9C265F12A52" : [
      {
        "date" : 774496264.535919,
        "title" : "Untitled",
        "transform" : [
          0.9820758,
          -7.7665225e-09,
          0.18848631,
          0,
          0.0036988193,
          0.9998075,
          -0.019272048,
          0,
          -0.18845004,
          0.019623807,
          0.9818867,
          0,
          -6.7767134,
          0.705679,
          35.30891,
          1
        ]
      }
    ]
  },
  "sceneViewportBackgroundColors" : {

  },
  "selectedSceneRelativePath" : "Scene.usda"
}