{
  "advancedEditorSelectedIdentifier" : "ShaderGraphEditorPluginID",
  "openSceneRelativePaths" : [
    "Scene.usda",
    "SkyBox.usda"
  ],
  "recentIdentifiers" : {
    "6BAE21A1-C2BC-4908-993B-C0FE86E72E20" : [

    ],
    "B4863DCF-98C5-4234-80FE-5B9EFCAE5DAD" : [

    ]
  },
  "sceneCameraHistory" : {
    "6BAE21A1-C2BC-4908-993B-C0FE86E72E20" : [
      {
        "date" : 774495875.072844,
        "title" : "Untitled",
        "transform" : [
          0.23926422,
          1.4329828e-08,
          0.97095454,
          0,
          0.65277696,
          0.74027485,
          -0.16085835,
          0,
          -0.71877325,
          0.67230433,
          0.17712124,
          0,
          -225.38953,
          175.86429,
          57.7962,
          1
        ]
      },
      {
        "date" : 774495790.932403,
        "title" : "Untitled",
        "transform" : [
          0.9176333,
          1.9211463e-08,
          0.39742807,
          0,
          0.13717683,
          0.9385433,
          -0.31673163,
          0,
          -0.37300345,
          0.34516144,
          0.8612386,
          0,
          -58.192577,
          40.03532,
          137.2791,
          1
        ]
      },
      {
        "date" : 774495741.710436,
        "title" : "Untitled",
        "transform" : [
          0.9176333,
          1.9211463e-08,
          0.39742807,
          0,
          0.13717683,
          0.9385433,
          -0.31673163,
          0,
          -0.37300345,
          0.34516144,
          0.8612386,
          0,
          -0.06072556,
          0.04177797,
          0.14325455,
          1
        ]
      },
      {
        "date" : 774495733.170234,
        "title" : "Untitled",
        "transform" : [
          0.91763335,
          4.2922172e-09,
          0.39742807,
          0,
          0.13717681,
          0.9385433,
          -0.31673163,
          0,
          -0.37300348,
          0.3451614,
          0.86123866,
          0,
          -0.96059877,
          0.8888968,
          2.2179546,
          1
        ]
      }
    ],
    "B4863DCF-98C5-4234-80FE-5B9EFCAE5DAD" : [
      {
        "date" : 775145655.996973,
        "title" : "Untitled",
        "transform" : [
          0.006532716,
          -9.10266e-05,
          0.9999786,
          0,
          0.15280049,
          0.98825663,
          -0.0009082642,
          0,
          -0.9882354,
          0.15280314,
          0.006469975,
          0,
          -70.77873,
          0.56271756,
          -26.98823,
          1
        ]
      },
      {
        "date" : 775145652.568395,
        "title" : "Untitled",
        "transform" : [
          -0.31871313,
          -9.10145e-05,
          0.94785124,
          0,
          0.06639563,
          0.9975415,
          0.022421258,
          0,
          -0.94552284,
          0.07007915,
          -0.31792355,
          0,
          -74.24861,
          1.5840461,
          -28.556755,
          1
        ]
      },
      {
        "date" : 775145582.416932,
        "title" : "Untitled",
        "transform" : [
          -0.31871316,
          -9.101451e-05,
          0.94785136,
          0,
          0.06639563,
          0.9975415,
          0.022421258,
          0,
          -0.94552284,
          0.07007915,
          -0.31792355,
          0,
          -74.06325,
          2.6110008,
          -28.881657,
          1
        ]
      },
      {
        "date" : 775145574.299784,
        "title" : "Untitled",
        "transform" : [
          -0.36694038,
          -9.100917e-05,
          0.9302445,
          0,
          0.51819265,
          0.830459,
          0.20448542,
          0,
          -0.7725484,
          0.55707973,
          -0.30468178,
          0,
          -45.939713,
          0.7989427,
          -19.450027,
          1
        ]
      },
      {
        "date" : 775144990.799743,
        "title" : "Untitled",
        "transform" : [
          -0.36694035,
          -9.101191e-05,
          0.93024445,
          0,
          0.51819265,
          0.830459,
          0.20448536,
          0,
          -0.77254844,
          0.5570798,
          -0.30468175,
          0,
          -68.148346,
          1.1022353,
          -27.885931,
          1
        ]
      },
      {
        "date" : 775144985.550254,
        "title" : "Untitled",
        "transform" : [
          -0.26038733,
          -9.101191e-05,
          0.9655042,
          0,
          0.5378432,
          0.830459,
          0.14512949,
          0,
          -0.80182487,
          0.5570798,
          -0.21619205,
          0,
          -68.15014,
          1.0959227,
          -27.89494,
          1
        ]
      },
      {
        "date" : 775144976.521687,
        "title" : "Untitled",
        "transform" : [
          -0.26038733,
          -9.101191e-05,
          0.9655042,
          0,
          0.5378432,
          0.830459,
          0.14512949,
          0,
          -0.80182487,
          0.5570798,
          -0.21619205,
          0,
          -68.15852,
          1.1092013,
          -27.829622,
          1
        ]
      },
      {
        "date" : 775144938.735552,
        "title" : "Untitled",
        "transform" : [
          -0.26038748,
          -9.093908e-05,
          0.96550417,
          0,
          0.5378432,
          0.83045906,
          0.1451295,
          0,
          -0.8018249,
          0.55707973,
          -0.21619219,
          0,
          -63.66232,
          2.476047,
          -26.145496,
          1
        ]
      },
      {
        "date" : 775144934.581895,
        "title" : "Untitled",
        "transform" : [
          -0.26038748,
          -9.093908e-05,
          0.96550417,
          0,
          0.5378432,
          0.83045906,
          0.1451295,
          0,
          -0.8018249,
          0.55707973,
          -0.21619219,
          0,
          -62.97087,
          3.1050699,
          -27.089127,
          1
        ]
      },
      {
        "date" : 775144531.627711,
        "title" : "Untitled",
        "transform" : [
          -0.5470287,
          -9.0947935e-05,
          0.8371139,
          0,
          0.14952476,
          0.98390764,
          0.097816825,
          0,
          -0.8236516,
          0.17867786,
          -0.5382121,
          0,
          -221.76309,
          15.142842,
          -138.62173,
          1
        ]
      }
    ],
    "CF57283A-64B4-4D99-94FF-F9C265F12A52" : [
      {
        "date" : 774496264.535919,
        "title" : "Untitled",
        "transform" : [
          0.9820758,
          -7.7665225e-09,
          0.18848631,
          0,
          0.0036988193,
          0.9998075,
          -0.019272048,
          0,
          -0.18845004,
          0.019623807,
          0.9818867,
          0,
          -6.7767134,
          0.705679,
          35.30891,
          1
        ]
      }
    ]
  },
  "sceneViewportBackgroundColors" : {

  },
  "selectedSceneRelativePath" : "Scene.usda"
}