{
  "advancedEditorSelectedIdentifier" : "ProjectBrowser",
  "openSceneRelativePaths" : [
    "Scene.usda"
  ],
  "recentIdentifiers" : {
    "B4863DCF-98C5-4234-80FE-5B9EFCAE5DAD" : [

    ]
  },
  "sceneCameraHistory" : {
    "B4863DCF-98C5-4234-80FE-5B9EFCAE5DAD" : [
      {
        "date" : 774601883.625468,
        "title" : "Untitled",
        "transform" : [
          -0.71454865,
          5.1837645e-09,
          0.6995858,
          0,
          0.18421723,
          0.9647077,
          0.18815729,
          0,
          -0.67489576,
          0.26332328,
          -0.6893305,
          0,
          -70.19635,
          0.70597047,
          -26.179966,
          1
        ]
      },
      {
        "date" : 774601882.306506,
        "title" : "Untitled",
        "transform" : [
          -0.71454865,
          5.1837645e-09,
          0.6995858,
          0,
          0.18421723,
          0.9647077,
          0.18815729,
          0,
          -0.67489576,
          0.26332328,
          -0.6893305,
          0,
          -70.02576,
          0.6498261,
          -26.023985,
          1
        ]
      },
      {
        "date" : 774601878.703087,
        "title" : "Untitled",
        "transform" : [
          -0.71454865,
          5.1837645e-09,
          0.6995858,
          0,
          0.18421723,
          0.9647077,
          0.18815729,
          0,
          -0.67489576,
          0.26332328,
          -0.6893305,
          0,
          -69.9882,
          0.7758987,
          -26.0126,
          1
        ]
      },
      {
        "date" : 774601872.69758,
        "title" : "Untitled",
        "transform" : [
          -0.7338101,
          1.956709e-05,
          0.6793547,
          0,
          0.30557263,
          0.89313966,
          0.33004084,
          0,
          -0.60675216,
          0.44977948,
          -0.6554009,
          0,
          -69.74366,
          0.95087296,
          -26.118904,
          1
        ]
      },
      {
        "date" : 774601869.187467,
        "title" : "Untitled",
        "transform" : [
          -0.94059724,
          -3.8426467e-08,
          0.33952424,
          0,
          0.25167286,
          0.6712272,
          0.69721925,
          0,
          -0.22789797,
          0.7412516,
          -0.6313545,
          0,
          -69.74366,
          0.95087296,
          -26.118904,
          1
        ]
      },
      {
        "date" : 774597880.83099,
        "title" : "Untitled",
        "transform" : [
          -0.94059724,
          -3.8426467e-08,
          0.33952424,
          0,
          0.25167286,
          0.6712272,
          0.69721925,
          0,
          -0.22789797,
          0.7412516,
          -0.6313545,
          0,
          -69.66096,
          1.0204902,
          -26.067041,
          1
        ]
      },
      {
        "date" : 774597815.754129,
        "title" : "Untitled",
        "transform" : [
          -0.94059724,
          -3.8426467e-08,
          0.33952424,
          0,
          0.25167286,
          0.6712272,
          0.69721925,
          0,
          -0.22789797,
          0.7412516,
          -0.6313545,
          0,
          -69.683426,
          0.9944312,
          -26.089525,
          1
        ]
      },
      {
        "date" : 774597800.574205,
        "title" : "Untitled",
        "transform" : [
          -0.94059724,
          -3.8426467e-08,
          0.33952424,
          0,
          0.25167286,
          0.6712272,
          0.69721925,
          0,
          -0.22789797,
          0.7412516,
          -0.6313545,
          0,
          -69.7534,
          1.2914429,
          -26.375488,
          1
        ]
      },
      {
        "date" : 774597799.041885,
        "title" : "Untitled",
        "transform" : [
          -0.94059736,
          -4.3514362e-08,
          0.33952424,
          0,
          0.25167286,
          0.6712273,
          0.69721925,
          0,
          -0.22789797,
          0.7412516,
          -0.63135463,
          0,
          -75.76566,
          277.78067,
          -358.3823,
          1
        ]
      },
      {
        "date" : 774597796.745787,
        "title" : "Untitled",
        "transform" : [
          -0.9405973,
          -1.5195575e-08,
          0.33952424,
          0,
          0.25167283,
          0.67122734,
          0.6972192,
          0,
          -0.22789797,
          0.7412515,
          -0.6313547,
          0,
          -70.94997,
          63.607044,
          -101.328835,
          1
        ]
      }
    ]
  },
  "sceneViewportBackgroundColors" : {

  }
}