{
  "advancedEditorSelectedIdentifier" : "ProjectBrowser",
  "openSceneRelativePaths" : [
    "Scene.usda",
    "SkyBox.usda"
  ],
  "recentIdentifiers" : {
    "6BAE21A1-C2BC-4908-993B-C0FE86E72E20" : [

    ],
    "B4863DCF-98C5-4234-80FE-5B9EFCAE5DAD" : [

    ]
  },
  "sceneCameraHistory" : {
    "6BAE21A1-C2BC-4908-993B-C0FE86E72E20" : [
      {
        "date" : 774495875.072844,
        "title" : "Untitled",
        "transform" : [
          0.23926422,
          1.4329828e-08,
          0.97095454,
          0,
          0.65277696,
          0.74027485,
          -0.16085835,
          0,
          -0.71877325,
          0.67230433,
          0.17712124,
          0,
          -225.38953,
          175.86429,
          57.7962,
          1
        ]
      },
      {
        "date" : 774495790.932403,
        "title" : "Untitled",
        "transform" : [
          0.9176333,
          1.9211463e-08,
          0.39742807,
          0,
          0.13717683,
          0.9385433,
          -0.31673163,
          0,
          -0.37300345,
          0.34516144,
          0.8612386,
          0,
          -58.192577,
          40.03532,
          137.2791,
          1
        ]
      },
      {
        "date" : 774495741.710436,
        "title" : "Untitled",
        "transform" : [
          0.9176333,
          1.9211463e-08,
          0.39742807,
          0,
          0.13717683,
          0.9385433,
          -0.31673163,
          0,
          -0.37300345,
          0.34516144,
          0.8612386,
          0,
          -0.06072556,
          0.04177797,
          0.14325455,
          1
        ]
      },
      {
        "date" : 774495733.170234,
        "title" : "Untitled",
        "transform" : [
          0.91763335,
          4.2922172e-09,
          0.39742807,
          0,
          0.13717681,
          0.9385433,
          -0.31673163,
          0,
          -0.37300348,
          0.3451614,
          0.86123866,
          0,
          -0.96059877,
          0.8888968,
          2.2179546,
          1
        ]
      }
    ],
    "B4863DCF-98C5-4234-80FE-5B9EFCAE5DAD" : [
      {
        "date" : 774762520.743384,
        "title" : "Untitled",
        "transform" : [
          -0.7649358,
          7.8279186e-08,
          -0.6441065,
          0,
          -0.39266312,
          0.7926902,
          0.4663237,
          0,
          0.510577,
          0.60962456,
          -0.6063571,
          0,
          -139.11342,
          1.0909008,
          -58.690132,
          1
        ]
      },
      {
        "date" : 774762427.726235,
        "title" : "Untitled",
        "transform" : [
          -0.99930954,
          7.829794e-08,
          -0.03715533,
          0,
          -0.022067418,
          0.80452037,
          0.5935149,
          0,
          0.02989227,
          0.593925,
          -0.80396485,
          0,
          -131.22227,
          10.262407,
          -64.136185,
          1
        ]
      },
      {
        "date" : 774762422.099238,
        "title" : "Untitled",
        "transform" : [
          -0.99402034,
          7.889713e-08,
          -0.109194964,
          0,
          -0.026880605,
          0.96922636,
          0.24469942,
          0,
          0.105834655,
          0.24617143,
          -0.9634307,
          0,
          -136.28491,
          8.515587,
          -62.290176,
          1
        ]
      },
      {
        "date" : 774762420.438717,
        "title" : "Untitled",
        "transform" : [
          -0.9940204,
          1.3131232e-06,
          -0.10919466,
          0,
          -0.026879339,
          0.9692263,
          0.24469955,
          0,
          0.105834655,
          0.24617143,
          -0.9634307,
          0,
          -136.28491,
          8.515587,
          -62.290176,
          1
        ]
      },
      {
        "date" : 774762406.531832,
        "title" : "Untitled",
        "transform" : [
          -0.99402094,
          2.1639858e-05,
          -0.10918951,
          0,
          -0.026858512,
          0.96922636,
          0.24470186,
          0,
          0.105834655,
          0.24617143,
          -0.9634307,
          0,
          -136.28491,
          8.515587,
          -62.290176,
          1
        ]
      },
      {
        "date" : 774762396.822503,
        "title" : "Untitled",
        "transform" : [
          -0.9828695,
          2.1631338e-05,
          0.18430309,
          0,
          0.1837151,
          0.079930566,
          0.9797244,
          0,
          -0.014710253,
          0.9968005,
          -0.0785653,
          0,
          -140.45392,
          34.47764,
          -31.68476,
          1
        ]
      },
      {
        "date" : 774762389.674617,
        "title" : "Untitled",
        "transform" : [
          -0.98286945,
          2.1631227e-05,
          0.18430308,
          0,
          0.18371508,
          0.079930514,
          0.9797244,
          0,
          -0.014710258,
          0.9968004,
          -0.07856524,
          0,
          -126.41348,
          81.2257,
          -33.538784,
          1
        ]
      },
      {
        "date" : 774762387.314956,
        "title" : "Untitled",
        "transform" : [
          -0.98286945,
          2.1631227e-05,
          0.18430308,
          0,
          0.18371506,
          0.07993051,
          0.9797243,
          0,
          -0.014710258,
          0.9968004,
          -0.07856524,
          0,
          -145.71559,
          78.85268,
          -60.0326,
          1
        ]
      },
      {
        "date" : 774762383.824624,
        "title" : "Untitled",
        "transform" : [
          -0.76474804,
          2.1617085e-05,
          0.6443295,
          0,
          0.37305617,
          0.815354,
          0.44274917,
          0,
          -0.52534705,
          0.5789627,
          -0.62354845,
          0,
          -179.78854,
          16.636747,
          -52.683655,
          1
        ]
      },
      {
        "date" : 774762377.944811,
        "title" : "Untitled",
        "transform" : [
          0.99853206,
          2.1611602e-05,
          -0.054166242,
          0,
          -0.0227063,
          0.90806216,
          -0.4182197,
          0,
          0.04917728,
          0.4188356,
          0.9067295,
          0,
          -143.52621,
          9.519112,
          -12.897362,
          1
        ]
      }
    ],
    "CF57283A-64B4-4D99-94FF-F9C265F12A52" : [
      {
        "date" : 774496264.535919,
        "title" : "Untitled",
        "transform" : [
          0.9820758,
          -7.7665225e-09,
          0.18848631,
          0,
          0.0036988193,
          0.9998075,
          -0.019272048,
          0,
          -0.18845004,
          0.019623807,
          0.9818867,
          0,
          -6.7767134,
          0.705679,
          35.30891,
          1
        ]
      }
    ]
  },
  "sceneViewportBackgroundColors" : {

  },
  "selectedSceneRelativePath" : "Scene.usda"
}