{
  "advancedEditorSelectedIdentifier" : "ProjectBrowser",
  "openSceneRelativePaths" : [
    "Scene.usda"
  ],
  "recentIdentifiers" : {
    "B4863DCF-98C5-4234-80FE-5B9EFCAE5DAD" : [

    ]
  },
  "sceneCameraHistory" : {
    "B4863DCF-98C5-4234-80FE-5B9EFCAE5DAD" : [
      {
        "date" : 773738662.285109,
        "title" : "Untitled",
        "transform" : [
          0.9660742,
          -0.00016488803,
          0.25826472,
          0,
          0.17533325,
          0.73465896,
          -0.6553887,
          0,
          -0.18962836,
          0.6784365,
          0.70976394,
          0,
          -15.483465,
          38.159733,
          32.621967,
          1
        ]
      },
      {
        "date" : 773738547.177323,
        "title" : "Untitled",
        "transform" : [
          0.62489814,
          0.00014739894,
          -0.78070635,
          0,
          -0.47271213,
          0.7959222,
          -0.37822112,
          0,
          0.62132573,
          0.60539895,
          0.49743986,
          0,
          57.46148,
          45.61684,
          42.448265,
          1
        ]
      },
      {
        "date" : 773738322.754702,
        "title" : "Untitled",
        "transform" : [
          0.62489814,
          0.00014739526,
          -0.78070635,
          0,
          -0.47271195,
          0.7959221,
          -0.37822115,
          0,
          0.6213256,
          0.605399,
          0.49744007,
          0,
          30.570297,
          23.06354,
          22.65155,
          1
        ]
      },
      {
        "date" : 773738317.625154,
        "title" : "Untitled",
        "transform" : [
          0.83396375,
          0.00014738555,
          -0.55181926,
          0,
          -0.42293516,
          0.6424889,
          -0.63900995,
          0,
          0.35444343,
          0.766295,
          0.5358749,
          0,
          18.607666,
          30.4073,
          25.551998,
          1
        ]
      },
      {
        "date" : 773738315.457402,
        "title" : "Untitled",
        "transform" : [
          0.9947022,
          0.00014738554,
          0.102798566,
          0,
          0.07873841,
          0.641811,
          -0.7628098,
          0,
          -0.06608987,
          0.76686287,
          0.6383992,
          0,
          -1.8328401,
          30.435215,
          31.529228,
          1
        ]
      },
      {
        "date" : 773738307.821338,
        "title" : "Untitled",
        "transform" : [
          0.9947022,
          0.00014738554,
          0.102798566,
          0,
          0.07873841,
          0.641811,
          -0.7628098,
          0,
          -0.06608987,
          0.76686287,
          0.6383992,
          0,
          -0.8384488,
          13.922856,
          14.423325,
          1
        ]
      },
      {
        "date" : 773738291.500229,
        "title" : "Untitled",
        "transform" : [
          0.996294,
          0.00014738357,
          -0.08601251,
          0,
          -0.020723986,
          0.9709494,
          -0.23838593,
          0,
          0.08347853,
          0.23928516,
          0.9673541,
          0,
          3.5683475,
          6.173138,
          33.777473,
          1
        ]
      },
      {
        "date" : 773738244.675502,
        "title" : "Untitled",
        "transform" : [
          0.9906244,
          0.00014740974,
          -0.13661344,
          0,
          -0.055950776,
          0.91272235,
          -0.40473133,
          0,
          0.12463038,
          0.40858045,
          0.9041732,
          0,
          8.321786,
          21.157547,
          35.722,
          1
        ]
      },
      {
        "date" : 773738235.138304,
        "title" : "Untitled",
        "transform" : [
          0.8123373,
          0.00014739778,
          -0.5831878,
          0,
          -0.3122923,
          0.8446503,
          -0.43478656,
          0,
          0.4925256,
          0.53531843,
          0.68618697,
          0,
          32.404297,
          37.442074,
          39.372623,
          1
        ]
      },
      {
        "date" : 773738227.020495,
        "title" : "Untitled",
        "transform" : [
          0.63412684,
          -7.708379e-08,
          -0.773229,
          0,
          -0.57431567,
          0.669569,
          -0.47099757,
          0,
          0.5177304,
          0.7427496,
          0.42459178,
          0,
          19.878906,
          38.20729,
          47.017937,
          1
        ]
      }
    ]
  },
  "sceneViewportBackgroundColors" : {

  }
}