{
  "advancedEditorSelectedIdentifier" : "ProjectBrowser",
  "openSceneRelativePaths" : [
    "Scene.usda",
    "SkyBox.usda"
  ],
  "recentIdentifiers" : {
    "6BAE21A1-C2BC-4908-993B-C0FE86E72E20" : [

    ],
    "B4863DCF-98C5-4234-80FE-5B9EFCAE5DAD" : [

    ]
  },
  "sceneCameraHistory" : {
    "6BAE21A1-C2BC-4908-993B-C0FE86E72E20" : [
      {
        "date" : 774495875.072844,
        "title" : "Untitled",
        "transform" : [
          0.23926422,
          1.4329828e-08,
          0.97095454,
          0,
          0.65277696,
          0.74027485,
          -0.16085835,
          0,
          -0.71877325,
          0.67230433,
          0.17712124,
          0,
          -225.38953,
          175.86429,
          57.7962,
          1
        ]
      },
      {
        "date" : 774495790.932403,
        "title" : "Untitled",
        "transform" : [
          0.9176333,
          1.9211463e-08,
          0.39742807,
          0,
          0.13717683,
          0.9385433,
          -0.31673163,
          0,
          -0.37300345,
          0.34516144,
          0.8612386,
          0,
          -58.192577,
          40.03532,
          137.2791,
          1
        ]
      },
      {
        "date" : 774495741.710436,
        "title" : "Untitled",
        "transform" : [
          0.9176333,
          1.9211463e-08,
          0.39742807,
          0,
          0.13717683,
          0.9385433,
          -0.31673163,
          0,
          -0.37300345,
          0.34516144,
          0.8612386,
          0,
          -0.06072556,
          0.04177797,
          0.14325455,
          1
        ]
      },
      {
        "date" : 774495733.170234,
        "title" : "Untitled",
        "transform" : [
          0.91763335,
          4.2922172e-09,
          0.39742807,
          0,
          0.13717681,
          0.9385433,
          -0.31673163,
          0,
          -0.37300348,
          0.3451614,
          0.86123866,
          0,
          -0.96059877,
          0.8888968,
          2.2179546,
          1
        ]
      }
    ],
    "B4863DCF-98C5-4234-80FE-5B9EFCAE5DAD" : [
      {
        "date" : 774496436.402219,
        "title" : "Untitled",
        "transform" : [
          -0.1450921,
          -2.8270422e-06,
          0.98941815,
          0,
          0.03637994,
          0.9993238,
          0.0053376355,
          0,
          -0.98874897,
          0.03676961,
          -0.14499418,
          0,
          -123.32442,
          16.195435,
          -17.398008,
          1
        ]
      },
      {
        "date" : 774496425.035533,
        "title" : "Untitled",
        "transform" : [
          0.40664992,
          -2.8217119e-06,
          0.9135841,
          0,
          0.45897055,
          0.86464494,
          -0.20429203,
          0,
          -0.78992534,
          0.50238365,
          0.35160872,
          0,
          -124.73782,
          41.437855,
          16.22195,
          1
        ]
      },
      {
        "date" : 774496303.390525,
        "title" : "Untitled",
        "transform" : [
          0.4058387,
          -2.821633e-06,
          0.9139448,
          0,
          0.47378883,
          0.855139,
          -0.21038413,
          0,
          -0.7815492,
          0.5183989,
          0.34704944,
          0,
          -106.12451,
          31.800283,
          7.839386,
          1
        ]
      },
      {
        "date" : 774496225.519296,
        "title" : "Untitled",
        "transform" : [
          0.07285437,
          -2.8217312e-06,
          0.99734265,
          0,
          0.52111167,
          0.8526394,
          -0.038064055,
          0,
          -0.8503733,
          0.52250004,
          0.062119637,
          0,
          -100.48984,
          31.68829,
          -27.998653,
          1
        ]
      },
      {
        "date" : 774496214.846088,
        "title" : "Untitled",
        "transform" : [
          -0.24205036,
          -2.8215654e-06,
          0.9702637,
          0,
          0.23287307,
          0.97077024,
          0.058097295,
          0,
          -0.9419031,
          0.24001086,
          -0.2349749,
          0,
          -244.05658,
          39.340702,
          -97.21151,
          1
        ]
      },
      {
        "date" : 774495980.70224,
        "title" : "Untitled",
        "transform" : [
          -0.24205036,
          -2.8215654e-06,
          0.9702637,
          0,
          0.23287307,
          0.97077024,
          0.058097295,
          0,
          -0.9419031,
          0.24001086,
          -0.2349749,
          0,
          -69.26186,
          11.164665,
          -27.58807,
          1
        ]
      },
      {
        "date" : 774495909.274531,
        "title" : "Untitled",
        "transform" : [
          0.023600854,
          -2.820862e-06,
          0.9997214,
          0,
          0.20980424,
          0.97773093,
          -0.004950234,
          0,
          -0.9774585,
          0.20986272,
          0.023075568,
          0,
          -74.405426,
          8.873655,
          -8.249117,
          1
        ]
      },
      {
        "date" : 774495906.977444,
        "title" : "Untitled",
        "transform" : [
          0.16203347,
          -2.8209938e-06,
          0.98678523,
          0,
          0.4253676,
          0.90232146,
          -0.069844276,
          0,
          -0.89039737,
          0.43106374,
          0.14620718,
          0,
          -70.79882,
          25.850885,
          1.4886482,
          1
        ]
      },
      {
        "date" : 774495838.79323,
        "title" : "Untitled",
        "transform" : [
          -0.21427771,
          -2.8185736e-06,
          0.9767728,
          0,
          0.14274406,
          0.989264,
          0.031317025,
          0,
          -0.96628624,
          0.14613917,
          -0.21197715,
          0,
          -70.73245,
          4.053111,
          -25.75753,
          1
        ]
      },
      {
        "date" : 774495713.663133,
        "title" : "Untitled",
        "transform" : [
          -0.27718037,
          -2.8116713e-06,
          0.9608179,
          0,
          0.24875417,
          0.9659045,
          0.071764305,
          0,
          -0.9280583,
          0.2588992,
          -0.2677292,
          0,
          -103.39113,
          22.479427,
          -40.236607,
          1
        ]
      }
    ],
    "CF57283A-64B4-4D99-94FF-F9C265F12A52" : [
      {
        "date" : 774496264.535919,
        "title" : "Untitled",
        "transform" : [
          0.9820758,
          -7.7665225e-09,
          0.18848631,
          0,
          0.0036988193,
          0.9998075,
          -0.019272048,
          0,
          -0.18845004,
          0.019623807,
          0.9818867,
          0,
          -6.7767134,
          0.705679,
          35.30891,
          1
        ]
      }
    ]
  },
  "sceneViewportBackgroundColors" : {

  },
  "selectedSceneRelativePath" : "Scene.usda"
}