{
  "advancedEditorSelectedIdentifier" : "ProjectBrowser",
  "openSceneRelativePaths" : [
    "Scene.usda",
    "SkyBox.usda"
  ],
  "recentIdentifiers" : {
    "6BAE21A1-C2BC-4908-993B-C0FE86E72E20" : [

    ],
    "B4863DCF-98C5-4234-80FE-5B9EFCAE5DAD" : [

    ]
  },
  "sceneCameraHistory" : {
    "6BAE21A1-C2BC-4908-993B-C0FE86E72E20" : [
      {
        "date" : 774495875.072844,
        "title" : "Untitled",
        "transform" : [
          0.23926422,
          1.4329828e-08,
          0.97095454,
          0,
          0.65277696,
          0.74027485,
          -0.16085835,
          0,
          -0.71877325,
          0.67230433,
          0.17712124,
          0,
          -225.38953,
          175.86429,
          57.7962,
          1
        ]
      },
      {
        "date" : 774495790.932403,
        "title" : "Untitled",
        "transform" : [
          0.9176333,
          1.9211463e-08,
          0.39742807,
          0,
          0.13717683,
          0.9385433,
          -0.31673163,
          0,
          -0.37300345,
          0.34516144,
          0.8612386,
          0,
          -58.192577,
          40.03532,
          137.2791,
          1
        ]
      },
      {
        "date" : 774495741.710436,
        "title" : "Untitled",
        "transform" : [
          0.9176333,
          1.9211463e-08,
          0.39742807,
          0,
          0.13717683,
          0.9385433,
          -0.31673163,
          0,
          -0.37300345,
          0.34516144,
          0.8612386,
          0,
          -0.06072556,
          0.04177797,
          0.14325455,
          1
        ]
      },
      {
        "date" : 774495733.170234,
        "title" : "Untitled",
        "transform" : [
          0.91763335,
          4.2922172e-09,
          0.39742807,
          0,
          0.13717681,
          0.9385433,
          -0.31673163,
          0,
          -0.37300348,
          0.3451614,
          0.86123866,
          0,
          -0.96059877,
          0.8888968,
          2.2179546,
          1
        ]
      }
    ],
    "B4863DCF-98C5-4234-80FE-5B9EFCAE5DAD" : [
      {
        "date" : 775019805.107103,
        "title" : "Untitled",
        "transform" : [
          -0.71162397,
          -9.0925605e-05,
          0.7025605,
          0,
          0.04881919,
          0.99757636,
          0.049578127,
          0,
          -0.70086235,
          0.06957948,
          -0.70989484,
          0,
          -71.88169,
          2.8576508,
          -33.682236,
          1
        ]
      },
      {
        "date" : 775019795.303181,
        "title" : "Untitled",
        "transform" : [
          -0.7998784,
          -9.0908354e-05,
          0.60016197,
          0,
          0.37677228,
          0.77831125,
          0.50226915,
          0,
          -0.46715853,
          0.6278787,
          -0.62252015,
          0,
          -165.90384,
          87.47936,
          -106.471794,
          1
        ]
      },
      {
        "date" : 774942440.21431,
        "title" : "Untitled",
        "transform" : [
          -0.69287246,
          -9.0942645e-05,
          0.7210601,
          0,
          0.18398371,
          0.9668773,
          0.17691341,
          0,
          -0.6971927,
          0.25524175,
          -0.6699059,
          0,
          -61.377144,
          1.3848712,
          -28.950432,
          1
        ]
      },
      {
        "date" : 774942434.205383,
        "title" : "Untitled",
        "transform" : [
          -0.35559726,
          -9.0942e-05,
          -0.93463933,
          0,
          0.22414602,
          0.97080886,
          -0.08537411,
          0,
          0.9073639,
          -0.23985448,
          -0.34519663,
          0,
          -58.91295,
          0.45069623,
          -27.653975,
          1
        ]
      },
      {
        "date" : 774942429.197049,
        "title" : "Untitled",
        "transform" : [
          -0.4211783,
          -9.093536e-05,
          -0.9069779,
          0,
          0.010374984,
          0.9999341,
          -0.0049181287,
          0,
          0.9069186,
          -0.011481253,
          -0.4211496,
          0,
          -59.20392,
          0.73968154,
          -27.572433,
          1
        ]
      },
      {
        "date" : 774942424.472637,
        "title" : "Untitled",
        "transform" : [
          -0.99847686,
          -9.092879e-05,
          -0.055172198,
          0,
          -0.027669974,
          0.8659704,
          0.49932915,
          0,
          0.047732085,
          0.50009525,
          -0.86465394,
          0,
          -59.676044,
          1.2921753,
          -27.828674,
          1
        ]
      },
      {
        "date" : 774942241.044252,
        "title" : "Untitled",
        "transform" : [
          -0.99847686,
          -9.0927846e-05,
          -0.055172194,
          0,
          -0.027669974,
          0.8659705,
          0.49932918,
          0,
          0.04773208,
          0.5000952,
          -0.86465394,
          0,
          41.50504,
          434.60327,
          -751.60693,
          1
        ]
      },
      {
        "date" : 774942239.183026,
        "title" : "Untitled",
        "transform" : [
          -0.99847686,
          -9.09082e-05,
          -0.055172276,
          0,
          -0.028664393,
          0.85529804,
          0.5173428,
          0,
          0.047141545,
          0.5181365,
          -0.8539978,
          0,
          -72.53349,
          2.862025,
          -34.212856,
          1
        ]
      },
      {
        "date" : 774942235.693672,
        "title" : "Untitled",
        "transform" : [
          -0.8958291,
          -9.090821e-05,
          -0.4443988,
          0,
          -0.23114158,
          0.85418737,
          0.46576568,
          0,
          0.3795573,
          0.51996565,
          -0.7652269,
          0,
          -69.47612,
          2.8773625,
          -34.492237,
          1
        ]
      },
      {
        "date" : 774942226.51581,
        "title" : "Untitled",
        "transform" : [
          -0.9712853,
          -9.0893765e-05,
          -0.23791784,
          0,
          -0.1885931,
          0.60993016,
          0.7696868,
          0,
          0.14504309,
          0.7924552,
          -0.5924332,
          0,
          -71.471054,
          5.295755,
          -33.195118,
          1
        ]
      }
    ],
    "CF57283A-64B4-4D99-94FF-F9C265F12A52" : [
      {
        "date" : 774496264.535919,
        "title" : "Untitled",
        "transform" : [
          0.9820758,
          -7.7665225e-09,
          0.18848631,
          0,
          0.0036988193,
          0.9998075,
          -0.019272048,
          0,
          -0.18845004,
          0.019623807,
          0.9818867,
          0,
          -6.7767134,
          0.705679,
          35.30891,
          1
        ]
      }
    ]
  },
  "sceneViewportBackgroundColors" : {

  },
  "selectedSceneRelativePath" : "Scene.usda"
}