{
  "advancedEditorSelectedIdentifier" : "ProjectBrowser",
  "openSceneRelativePaths" : [
    "Scene.usda"
  ],
  "recentIdentifiers" : {
    "B4863DCF-98C5-4234-80FE-5B9EFCAE5DAD" : [

    ]
  },
  "sceneCameraHistory" : {
    "B4863DCF-98C5-4234-80FE-5B9EFCAE5DAD" : [
      {
        "date" : 774434395.709277,
        "title" : "Untitled",
        "transform" : [
          -0.4482099,
          -2.8392221e-06,
          0.8939284,
          0,
          0.8394905,
          0.3436356,
          0.42091614,
          0,
          -0.30718675,
          0.93910307,
          -0.15401849,
          0,
          -53.164574,
          11.598814,
          -27.337397,
          1
        ]
      },
      {
        "date" : 774434391.311916,
        "title" : "Untitled",
        "transform" : [
          -0.29093048,
          -2.8175793e-06,
          0.95674425,
          0,
          0.36485952,
          0.92442816,
          0.110950604,
          0,
          -0.8844417,
          0.38135618,
          -0.2689433,
          0,
          -53.812668,
          1.026367,
          -26.544632,
          1
        ]
      },
      {
        "date" : 774434386.512323,
        "title" : "Untitled",
        "transform" : [
          -0.29093048,
          -2.8175793e-06,
          0.95674425,
          0,
          0.36485952,
          0.92442816,
          0.110950604,
          0,
          -0.8844417,
          0.38135618,
          -0.2689433,
          0,
          -54.01169,
          0.57056236,
          -26.536453,
          1
        ]
      },
      {
        "date" : 774434338.838674,
        "title" : "Untitled",
        "transform" : [
          -0.29093036,
          -2.788859e-06,
          0.9567442,
          0,
          0.36485955,
          0.9244282,
          0.11095059,
          0,
          -0.88444155,
          0.38135624,
          -0.2689432,
          0,
          -52.79287,
          -0.11164312,
          -27.178501,
          1
        ]
      },
      {
        "date" : 774434334.728977,
        "title" : "Untitled",
        "transform" : [
          -0.83553326,
          -2.7888652e-06,
          -0.54943985,
          0,
          -0.20127669,
          0.9304863,
          0.30607674,
          0,
          0.5112453,
          0.36632675,
          -0.7774527,
          0,
          -49.96306,
          -0.6229732,
          -25.816862,
          1
        ]
      },
      {
        "date" : 774434327.445978,
        "title" : "Untitled",
        "transform" : [
          -0.79440475,
          -2.7956596e-06,
          0.6073889,
          0,
          0.2740927,
          0.892389,
          0.35848987,
          0,
          -0.5420283,
          0.45126703,
          -0.708917,
          0,
          -69.738205,
          2.6446338,
          -32.611282,
          1
        ]
      },
      {
        "date" : 774434320.138344,
        "title" : "Untitled",
        "transform" : [
          -0.8699161,
          -2.7714857e-06,
          0.4931998,
          0,
          0.40337712,
          0.57538843,
          0.7114879,
          0,
          -0.2837835,
          0.81788033,
          -0.5005383,
          0,
          -66.24438,
          10.227313,
          -31.095114,
          1
        ]
      },
      {
        "date" : 774434314.510513,
        "title" : "Untitled",
        "transform" : [
          -0.82133013,
          -2.769461e-06,
          -0.57045317,
          0,
          -0.16945012,
          0.9548647,
          0.24396746,
          0,
          0.5447047,
          0.29704136,
          -0.7842596,
          0,
          -71.68061,
          2.5939527,
          -39.488274,
          1
        ]
      },
      {
        "date" : 774434311.912465,
        "title" : "Untitled",
        "transform" : [
          -0.84553784,
          -2.7683845e-06,
          -0.53391564,
          0,
          -0.18617061,
          0.9372399,
          0.2948253,
          0,
          0.500406,
          0.34868547,
          -0.7924722,
          0,
          -72.19091,
          3.0423734,
          -39.369926,
          1
        ]
      },
      {
        "date" : 774434271.980983,
        "title" : "Untitled",
        "transform" : [
          -0.85870713,
          -2.7658114e-06,
          0.51246667,
          0,
          0.3631796,
          0.7055177,
          0.60856,
          0,
          -0.36155596,
          0.7086924,
          -0.6058319,
          0,
          -78.485565,
          5.6655884,
          -36.90472,
          1
        ]
      }
    ]
  },
  "sceneViewportBackgroundColors" : {

  }
}