{
  "advancedEditorSelectedIdentifier" : "ProjectBrowser",
  "openSceneRelativePaths" : [
    "Scene.usda"
  ],
  "recentIdentifiers" : {
    "B4863DCF-98C5-4234-80FE-5B9EFCAE5DAD" : [

    ]
  },
  "sceneCameraHistory" : {
    "B4863DCF-98C5-4234-80FE-5B9EFCAE5DAD" : [
      {
        "date" : 773887888.528736,
        "title" : "Untitled",
        "transform" : [
          -0.09251302,
          -0.012018712,
          0.9956389,
          0,
          0.6188406,
          0.78265846,
          0.066949345,
          0,
          -0.7800498,
          0.62233543,
          -0.06496843,
          0,
          3.0112333,
          7.6000185,
          18.855278,
          1
        ]
      },
      {
        "date" : 773887868.413475,
        "title" : "Untitled",
        "transform" : [
          0.91696936,
          -0.012018711,
          0.39877668,
          0,
          0.3194423,
          0.62092257,
          -0.7158295,
          0,
          -0.23900607,
          0.78377986,
          0.57320625,
          0,
          10.247906,
          9.356146,
          24.99806,
          1
        ]
      },
      {
        "date" : 773887849.859633,
        "title" : "Untitled",
        "transform" : [
          0.59736687,
          4.6186895e-05,
          0.80196804,
          0,
          0.61640924,
          0.6396784,
          -0.4591854,
          0,
          -0.5130229,
          0.76864266,
          0.38209417,
          0,
          12.342712,
          7.3868446,
          22.86939,
          1
        ]
      },
      {
        "date" : 773887568.219509,
        "title" : "Untitled",
        "transform" : [
          0.2437122,
          0.0008039982,
          0.96984726,
          0,
          0.5716142,
          0.80773246,
          -0.14431013,
          0,
          -0.78349334,
          0.5895485,
          0.19639473,
          0,
          5.442643,
          7.0875316,
          21.586643,
          1
        ]
      },
      {
        "date" : 773887428.457806,
        "title" : "Untitled",
        "transform" : [
          0.97240657,
          0.001356403,
          0.23328881,
          0,
          0.19658771,
          0.5336639,
          -0.82253027,
          0,
          -0.12561353,
          0.8456956,
          0.5186716,
          0,
          5.4573946,
          14.995463,
          19.972967,
          1
        ]
      },
      {
        "date" : 773887419.292032,
        "title" : "Untitled",
        "transform" : [
          0.9932405,
          0.0013563967,
          -0.11606672,
          0,
          -0.029435297,
          0.9701894,
          -0.24055366,
          0,
          0.11228038,
          0.24234416,
          0.9636714,
          0,
          8.574844,
          6.617354,
          29.270071,
          1
        ]
      },
      {
        "date" : 773887412.286039,
        "title" : "Untitled",
        "transform" : [
          0.9340185,
          0.0013564007,
          0.35722205,
          0,
          0.20798962,
          0.8109477,
          -0.5469041,
          0,
          -0.29043028,
          0.5851171,
          0.75715804,
          0,
          -10.580272,
          29.897768,
          41.906506,
          1
        ]
      },
      {
        "date" : 773887405.143088,
        "title" : "Untitled",
        "transform" : [
          0.8748762,
          0.001356407,
          0.48434454,
          0,
          0.47978684,
          0.13446333,
          -0.8670203,
          0,
          -0.06630265,
          0.9909177,
          0.11698798,
          0,
          2.208163,
          43.00713,
          3.2101798,
          1
        ]
      },
      {
        "date" : 773887402.25156,
        "title" : "Untitled",
        "transform" : [
          0.8748762,
          0.001356407,
          0.48434454,
          0,
          0.47978684,
          0.13446333,
          -0.8670203,
          0,
          -0.06630265,
          0.9909177,
          0.11698798,
          0,
          2.208163,
          43.00713,
          3.2101798,
          1
        ]
      },
      {
        "date" : 773887391.333013,
        "title" : "Untitled",
        "transform" : [
          0.9375857,
          0.0013564175,
          0.34775156,
          0,
          0.24044017,
          0.7199301,
          -0.6510677,
          0,
          -0.25123996,
          0.6940452,
          0.6746701,
          0,
          -6.464809,
          32.66386,
          27.496775,
          1
        ]
      }
    ]
  },
  "sceneViewportBackgroundColors" : {

  }
}