{
  "advancedEditorSelectedIdentifier" : "ProjectBrowser",
  "openSceneRelativePaths" : [
    "Scene.usda"
  ],
  "recentIdentifiers" : {

  },
  "sceneCameraHistory" : {
    "B4863DCF-98C5-4234-80FE-5B9EFCAE5DAD" : [
      {
        "date" : 775034277.317641,
        "title" : "Untitled",
        "transform" : [
          -0.46288472,
          -8.675374e-10,
          0.8864185,
          0,
          0.33123907,
          0.92755663,
          0.1729719,
          0,
          -0.8222034,
          0.3736825,
          -0.42935178,
          0,
          -70.34656,
          2.746448,
          -26.720627,
          1
        ]
      },
      {
        "date" : 775034263.509511,
        "title" : "Untitled",
        "transform" : [
          0.9999791,
          -1.2620978e-10,
          0.006465472,
          0,
          0.0013370368,
          0.97838396,
          -0.20679216,
          0,
          -0.0063257157,
          0.20679651,
          0.9783636,
          0,
          -68.550644,
          0.5866652,
          -23.201408,
          1
        ]
      },
      {
        "date" : 774874979.380154,
        "title" : "Untitled",
        "transform" : [
          0.9999791,
          -1.2620978e-10,
          0.006465472,
          0,
          0.0013370368,
          0.97838396,
          -0.20679216,
          0,
          -0.0063257157,
          0.20679651,
          0.9783636,
          0,
          -6.59283,
          6.1039896,
          79.95323,
          1
        ]
      },
      {
        "date" : 774874976.680235,
        "title" : "Untitled",
        "transform" : [
          0.9999791,
          -1.2620978e-10,
          0.006465472,
          0,
          0.001337037,
          0.9783841,
          -0.20679219,
          0,
          -0.0063257157,
          0.20679651,
          0.9783636,
          0,
          -5.57158,
          3.4892433,
          80.51251,
          1
        ]
      },
      {
        "date" : 774874958.591901,
        "title" : "Untitled",
        "transform" : [
          0.9999511,
          -1.0738885e-10,
          0.009886692,
          0,
          0.0029685085,
          0.9538597,
          -0.3002383,
          0,
          -0.009430517,
          0.30025297,
          0.953813,
          0,
          -5.83996,
          11.246361,
          79.7803,
          1
        ]
      },
      {
        "date" : 774873792.467475,
        "title" : "Untitled",
        "transform" : [
          0.9999511,
          -1.0738885e-10,
          0.009886692,
          0,
          0.0029685085,
          0.9538597,
          -0.3002383,
          0,
          -0.009430517,
          0.30025297,
          0.953813,
          0,
          -8.687096,
          16.729261,
          118.67531,
          1
        ]
      },
      {
        "date" : 774872718.639951,
        "title" : "Untitled",
        "transform" : [
          1,
          0,
          0,
          0,
          0,
          0.7071069,
          -0.70710677,
          0,
          0,
          0.70710677,
          0.7071069,
          0,
          -7.5133657,
          69.720505,
          97.57952,
          1
        ]
      },
      {
        "date" : 774872649.847565,
        "title" : "Untitled",
        "transform" : [
          1,
          0,
          0,
          0,
          0,
          0.7071069,
          -0.70710677,
          0,
          0,
          0.70710677,
          0.7071069,
          0,
          -11.817872,
          109.424065,
          153.14752,
          1
        ]
      },
      {
        "date" : 774872646.605911,
        "title" : "Untitled",
        "transform" : [
          1,
          0,
          0,
          0,
          0,
          0.7071069,
          -0.70710677,
          0,
          0,
          0.70710677,
          0.7071069,
          0,
          -9.632523,
          89.18948,
          124.82764,
          1
        ]
      },
      {
        "date" : 774872644.205588,
        "title" : "Untitled",
        "transform" : [
          1,
          0,
          0,
          0,
          0,
          0.7071069,
          -0.70710677,
          0,
          0,
          0.70710677,
          0.7071069,
          0,
          -9.632523,
          35.594807,
          71.23625,
          1
        ]
      }
    ]
  },
  "sceneViewportBackgroundColors" : {

  }
}